# Wavelength (um)  Transmission ## (Note: I made this by hand...)
1.100000000000000089e+00 0.000000000000000000e+00
1.101507537688442229e+00 0.000000000000000000e+00
1.103015075376884591e+00 0.000000000000000000e+00
1.104522613065326730e+00 0.000000000000000000e+00
1.106030150753768870e+00 0.000000000000000000e+00
1.107537688442211232e+00 0.000000000000000000e+00
1.109045226130653372e+00 0.000000000000000000e+00
1.110552763819095512e+00 0.000000000000000000e+00
1.112060301507537874e+00 0.000000000000000000e+00
1.113567839195980014e+00 0.000000000000000000e+00
1.115075376884422154e+00 0.000000000000000000e+00
1.116582914572864293e+00 0.000000000000000000e+00
1.118090452261306655e+00 0.000000000000000000e+00
1.119597989949748795e+00 0.000000000000000000e+00
1.121105527638190935e+00 0.000000000000000000e+00
1.122613065326633297e+00 0.000000000000000000e+00
1.124120603015075437e+00 0.000000000000000000e+00
1.125628140703517577e+00 1.000000000000000000e+00
1.127135678391959939e+00 1.000000000000000000e+00
1.128643216080402079e+00 1.000000000000000000e+00
1.130150753768844218e+00 1.000000000000000000e+00
1.131658291457286580e+00 1.000000000000000000e+00
1.133165829145728720e+00 1.000000000000000000e+00
1.134673366834170860e+00 1.000000000000000000e+00
1.136180904522613222e+00 1.000000000000000000e+00
1.137688442211055362e+00 1.000000000000000000e+00
1.139195979899497502e+00 1.000000000000000000e+00
1.140703517587939864e+00 1.000000000000000000e+00
1.142211055276382003e+00 1.000000000000000000e+00
1.143718592964824143e+00 1.000000000000000000e+00
1.145226130653266505e+00 1.000000000000000000e+00
1.146733668341708645e+00 1.000000000000000000e+00
1.148241206030150785e+00 1.000000000000000000e+00
1.149748743718592925e+00 1.000000000000000000e+00
1.151256281407035287e+00 1.000000000000000000e+00
1.152763819095477427e+00 1.000000000000000000e+00
1.154271356783919567e+00 1.000000000000000000e+00
1.155778894472361928e+00 1.000000000000000000e+00
1.157286432160804068e+00 1.000000000000000000e+00
1.158793969849246208e+00 1.000000000000000000e+00
1.160301507537688570e+00 1.000000000000000000e+00
1.161809045226130710e+00 1.000000000000000000e+00
1.163316582914572850e+00 1.000000000000000000e+00
1.164824120603015212e+00 1.000000000000000000e+00
1.166331658291457352e+00 1.000000000000000000e+00
1.167839195979899491e+00 1.000000000000000000e+00
1.169346733668341853e+00 1.000000000000000000e+00
1.170854271356783993e+00 1.000000000000000000e+00
1.172361809045226133e+00 1.000000000000000000e+00
1.173869346733668273e+00 1.000000000000000000e+00
1.175376884422110635e+00 1.000000000000000000e+00
1.176884422110552775e+00 1.000000000000000000e+00
1.178391959798994915e+00 1.000000000000000000e+00
1.179899497487437277e+00 1.000000000000000000e+00
1.181407035175879416e+00 1.000000000000000000e+00
1.182914572864321556e+00 1.000000000000000000e+00
1.184422110552763918e+00 1.000000000000000000e+00
1.185929648241206058e+00 1.000000000000000000e+00
1.187437185929648198e+00 1.000000000000000000e+00
1.188944723618090560e+00 1.000000000000000000e+00
1.190452261306532700e+00 1.000000000000000000e+00
1.191959798994974840e+00 1.000000000000000000e+00
1.193467336683417201e+00 1.000000000000000000e+00
1.194974874371859341e+00 1.000000000000000000e+00
1.196482412060301481e+00 1.000000000000000000e+00
1.197989949748743843e+00 1.000000000000000000e+00
1.199497487437185983e+00 1.000000000000000000e+00
1.201005025125628123e+00 1.000000000000000000e+00
1.202512562814070485e+00 1.000000000000000000e+00
1.204020100502512625e+00 1.000000000000000000e+00
1.205527638190954764e+00 1.000000000000000000e+00
1.207035175879396904e+00 1.000000000000000000e+00
1.208542713567839266e+00 1.000000000000000000e+00
1.210050251256281406e+00 1.000000000000000000e+00
1.211557788944723546e+00 1.000000000000000000e+00
1.213065326633165908e+00 1.000000000000000000e+00
1.214572864321608048e+00 1.000000000000000000e+00
1.216080402010050188e+00 1.000000000000000000e+00
1.217587939698492550e+00 1.000000000000000000e+00
1.219095477386934689e+00 1.000000000000000000e+00
1.220603015075376829e+00 1.000000000000000000e+00
1.222110552763819191e+00 1.000000000000000000e+00
1.223618090452261331e+00 1.000000000000000000e+00
1.225125628140703471e+00 1.000000000000000000e+00
1.226633165829145833e+00 1.000000000000000000e+00
1.228140703517587973e+00 1.000000000000000000e+00
1.229648241206030113e+00 1.000000000000000000e+00
1.231155778894472252e+00 1.000000000000000000e+00
1.232663316582914614e+00 1.000000000000000000e+00
1.234170854271356754e+00 1.000000000000000000e+00
1.235678391959798894e+00 1.000000000000000000e+00
1.237185929648241256e+00 1.000000000000000000e+00
1.238693467336683396e+00 1.000000000000000000e+00
1.240201005025125536e+00 1.000000000000000000e+00
1.241708542713567898e+00 1.000000000000000000e+00
1.243216080402010038e+00 1.000000000000000000e+00
1.244723618090452177e+00 1.000000000000000000e+00
1.246231155778894539e+00 1.000000000000000000e+00
1.247738693467336679e+00 1.000000000000000000e+00
1.249246231155778819e+00 1.000000000000000000e+00
1.250753768844221181e+00 1.000000000000000000e+00
1.252261306532663321e+00 1.000000000000000000e+00
1.253768844221105461e+00 1.000000000000000000e+00
1.255276381909547823e+00 1.000000000000000000e+00
1.256783919597989962e+00 1.000000000000000000e+00
1.258291457286432102e+00 1.000000000000000000e+00
1.259798994974874464e+00 1.000000000000000000e+00
1.261306532663316604e+00 1.000000000000000000e+00
1.262814070351758744e+00 1.000000000000000000e+00
1.264321608040201106e+00 1.000000000000000000e+00
1.265829145728643246e+00 1.000000000000000000e+00
1.267336683417085386e+00 1.000000000000000000e+00
1.268844221105527748e+00 1.000000000000000000e+00
1.270351758793969887e+00 1.000000000000000000e+00
1.271859296482412027e+00 1.000000000000000000e+00
1.273366834170854167e+00 1.000000000000000000e+00
1.274874371859296529e+00 1.000000000000000000e+00
1.276381909547738669e+00 1.000000000000000000e+00
1.277889447236180809e+00 1.000000000000000000e+00
1.279396984924623171e+00 1.000000000000000000e+00
1.280904522613065311e+00 1.000000000000000000e+00
1.282412060301507450e+00 1.000000000000000000e+00
1.283919597989949812e+00 1.000000000000000000e+00
1.285427135678391952e+00 1.000000000000000000e+00
1.286934673366834092e+00 1.000000000000000000e+00
1.288442211055276232e+00 1.000000000000000000e+00
1.289949748743718594e+00 1.000000000000000000e+00
1.291457286432160734e+00 1.000000000000000000e+00
1.292964824120602874e+00 1.000000000000000000e+00
1.294472361809045236e+00 1.000000000000000000e+00
1.295979899497487375e+00 1.000000000000000000e+00
1.297487437185929515e+00 1.000000000000000000e+00
1.298994974874371877e+00 1.000000000000000000e+00
1.300502512562814017e+00 1.000000000000000000e+00
1.302010050251256157e+00 1.000000000000000000e+00
1.303517587939698519e+00 1.000000000000000000e+00
1.305025125628140659e+00 1.000000000000000000e+00
1.306532663316582799e+00 1.000000000000000000e+00
1.308040201005025160e+00 1.000000000000000000e+00
1.309547738693467300e+00 1.000000000000000000e+00
1.311055276381909440e+00 1.000000000000000000e+00
1.312562814070351802e+00 1.000000000000000000e+00
1.314070351758793942e+00 1.000000000000000000e+00
1.315577889447236082e+00 1.000000000000000000e+00
1.317085427135678444e+00 1.000000000000000000e+00
1.318592964824120584e+00 1.000000000000000000e+00
1.320100502512562723e+00 1.000000000000000000e+00
1.321608040201005085e+00 1.000000000000000000e+00
1.323115577889447225e+00 1.000000000000000000e+00
1.324623115577889365e+00 1.000000000000000000e+00
1.326130653266331727e+00 1.000000000000000000e+00
1.327638190954773867e+00 1.000000000000000000e+00
1.329145728643216007e+00 1.000000000000000000e+00
1.330653266331658147e+00 1.000000000000000000e+00
1.332160804020100509e+00 1.000000000000000000e+00
1.333668341708542648e+00 1.000000000000000000e+00
1.335175879396984788e+00 1.000000000000000000e+00
1.336683417085427150e+00 1.000000000000000000e+00
1.338190954773869290e+00 1.000000000000000000e+00
1.339698492462311430e+00 1.000000000000000000e+00
1.341206030150753792e+00 1.000000000000000000e+00
1.342713567839195932e+00 1.000000000000000000e+00
1.344221105527638072e+00 1.000000000000000000e+00
1.345728643216080433e+00 1.000000000000000000e+00
1.347236180904522573e+00 1.000000000000000000e+00
1.348743718592964713e+00 1.000000000000000000e+00
1.350251256281406853e+00 1.000000000000000000e+00
1.351758793969849215e+00 1.000000000000000000e+00
1.353266331658291355e+00 1.000000000000000000e+00
1.354773869346733495e+00 1.000000000000000000e+00
1.356281407035175857e+00 1.000000000000000000e+00
1.357788944723617997e+00 1.000000000000000000e+00
1.359296482412060136e+00 1.000000000000000000e+00
1.360804020100502498e+00 1.000000000000000000e+00
1.362311557788944638e+00 1.000000000000000000e+00
1.363819095477386778e+00 1.000000000000000000e+00
1.365326633165829140e+00 0.000000000000000000e+00
1.366834170854271280e+00 0.000000000000000000e+00
1.368341708542713420e+00 0.000000000000000000e+00
1.369849246231155782e+00 0.000000000000000000e+00
1.371356783919597921e+00 0.000000000000000000e+00
1.372864321608040061e+00 0.000000000000000000e+00
1.374371859296482423e+00 0.000000000000000000e+00
1.375879396984924563e+00 0.000000000000000000e+00
1.377386934673366703e+00 0.000000000000000000e+00
1.378894472361809065e+00 0.000000000000000000e+00
1.380402010050251205e+00 0.000000000000000000e+00
1.381909547738693345e+00 0.000000000000000000e+00
1.383417085427135707e+00 0.000000000000000000e+00
1.384924623115577846e+00 0.000000000000000000e+00
1.386432160804019986e+00 0.000000000000000000e+00
1.387939698492462348e+00 0.000000000000000000e+00
1.389447236180904488e+00 0.000000000000000000e+00
1.390954773869346628e+00 0.000000000000000000e+00
1.392462311557788990e+00 0.000000000000000000e+00
1.393969849246231130e+00 0.000000000000000000e+00
1.395477386934673270e+00 0.000000000000000000e+00
1.396984924623115409e+00 0.000000000000000000e+00
1.398492462311557771e+00 0.000000000000000000e+00
1.399999999999999911e+00 0.000000000000000000e+00
