# Wavelength (A) Transmission
3511.4e-4 0.000
3527.3e-4 0.005
3543.2e-4 0.010
3559.1e-4 0.018
3575.1e-4 0.029
3591.0e-4 0.044
3606.9e-4 0.061
3622.8e-4 0.080
3638.8e-4 0.101
3654.7e-4 0.124
3670.6e-4 0.149
3686.6e-4 0.176
3702.5e-4 0.205
3718.4e-4 0.235
3734.4e-4 0.267
3750.3e-4 0.300
3766.2e-4 0.334
3782.2e-4 0.370
3798.1e-4 0.407
3814.1e-4 0.444
3830.0e-4 0.481
3846.0e-4 0.518
3861.9e-4 0.555
3877.9e-4 0.590
3893.8e-4 0.625
3909.8e-4 0.658
3925.7e-4 0.689
3941.7e-4 0.717
3957.7e-4 0.744
3973.6e-4 0.768
3989.6e-4 0.789
4005.5e-4 0.808
4021.5e-4 0.825
4037.5e-4 0.840
4053.4e-4 0.852
4069.4e-4 0.863
4085.4e-4 0.873
4101.4e-4 0.881
4117.3e-4 0.889
4133.3e-4 0.896
4149.3e-4 0.904
4165.3e-4 0.911
4181.2e-4 0.918
4197.2e-4 0.926
4213.2e-4 0.934
4229.2e-4 0.943
4245.2e-4 0.951
4261.1e-4 0.960
4277.1e-4 0.968
4293.1e-4 0.976
4309.1e-4 0.983
4325.1e-4 0.989
4341.1e-4 0.994
4357.1e-4 0.999
4373.1e-4 1.000
4389.1e-4 0.996
4405.1e-4 0.987
4421.1e-4 0.972
4437.1e-4 0.948
4453.1e-4 0.915
4469.1e-4 0.876
4485.1e-4 0.831
4501.1e-4 0.779
4517.1e-4 0.722
4533.1e-4 0.664
4549.1e-4 0.604
4565.1e-4 0.543
4581.1e-4 0.484
4597.2e-4 0.428
4613.2e-4 0.375
4629.2e-4 0.326
4645.2e-4 0.283
4661.2e-4 0.246
4677.3e-4 0.214
4693.3e-4 0.186
4709.3e-4 0.163
4725.3e-4 0.144
4741.4e-4 0.128
4757.4e-4 0.116
4773.4e-4 0.105
4789.4e-4 0.096
4805.5e-4 0.089
4821.5e-4 0.083
4837.5e-4 0.076
4853.6e-4 0.070
4869.6e-4 0.063
4885.6e-4 0.057
4901.7e-4 0.050
4917.7e-4 0.044
4933.8e-4 0.037
4949.8e-4 0.031
4965.9e-4 0.025
4981.9e-4 0.019
4997.9e-4 0.014
5014.0e-4 0.010
5030.0e-4 0.006
5046.1e-4 0.004
5062.1e-4 0.002
5078.2e-4 0.001
